0
0.00100000000000000
0.00200000000000000
0.00300000000000000
0.00400000000000000
0.00500000000000000
0.00600000000000000
0.00700000000000000
0.00800000000000000
0.00900000000000000
0.0100000000000000
0.0110000000000000
0.0120000000000000
0.0130000000000000
0.0140000000000000
0.0150000000000000
0.0160000000000000
0.0170000000000000
0.0180000000000000
0.0190000000000000
0.0200000000000000
0.0210000000000000
0.0220000000000000
0.0230000000000000
0.0240000000000000
0.0250000000000000
0.0260000000000000
0.0270000000000000
0.0280000000000000
0.0290000000000000
0.0300000000000000
0.0310000000000000
0.0320000000000000
0.0330000000000000
0.0340000000000000
0.0350000000000000
0.0360000000000000
0.0370000000000000
0.0380000000000000
0.0390000000000000
0.0400000000000000
0.0410000000000000
0.0420000000000000
0.0430000000000000
0.0440000000000000
0.0450000000000000
0.0460000000000000
0.0470000000000000
0.0480000000000000
0.0490000000000000
0.0500000000000000
0.0510000000000000
0.0520000000000000
0.0530000000000000
0.0540000000000000
0.0550000000000000
0.0560000000000000
0.0570000000000000
0.0580000000000000
0.0590000000000000
0.0600000000000000
0.0610000000000000
0.0620000000000000
0.0630000000000000
0.0640000000000000
0.0650000000000000
0.0660000000000000
0.0670000000000000
0.0680000000000000
0.0690000000000000
0.0700000000000000
0.0710000000000000
0.0720000000000000
0.0730000000000000
0.0740000000000000
0.0750000000000000
0.0760000000000000
0.0770000000000000
0.0780000000000000
0.0790000000000000
0.0800000000000000
0.0810000000000000
0.0820000000000000
0.0830000000000000
0.0840000000000000
0.0850000000000000
0.0860000000000000
0.0870000000000000
0.0880000000000000
0.0890000000000000
0.0900000000000000
0.0910000000000000
0.0920000000000000
0.0930000000000000
0.0940000000000000
0.0950000000000000
0.0960000000000000
0.0970000000000000
0.0980000000000000
0.0990000000000000
0.100000000000000
0.101000000000000
0.102000000000000
0.103000000000000
0.104000000000000
0.105000000000000
0.106000000000000
0.107000000000000
0.108000000000000
0.109000000000000
0.110000000000000
0.111000000000000
0.112000000000000
0.113000000000000
0.114000000000000
0.115000000000000
0.116000000000000
0.117000000000000
0.118000000000000
0.119000000000000
0.120000000000000