0.130553419166428
0.128839534423471
0.127118117495204
0.125387017686350
0.123650614027471
0.121901837574421
0.120145890088366
0.118385528717723
0.116609705200133
0.114825782704901
0.113027841328191
0.111225146378318
0.109410254300332
0.107587921274907
0.105757201576790
0.103913435040127
0.102062956792898
0.100206843972638
0.0983434133628826
0.0964706834065958
0.0945882373446586
0.0927001184370672
0.0907983366176948
0.0888902187742927
0.0869759000671725
0.0850548839505612
0.0831279053406937
0.0811928083262518
0.0792539252322542
0.0773006103603682
0.0753388386827309
0.0733680069868457
0.0713865624731828
0.0693907577534123
0.0673786694875085
0.0653584904220919
0.0633181074962722
0.0612707917322413
0.0592158286403262
0.0571559842998529
0.0550872506439190
0.0530136371635224
0.0509336244487675
0.0488398162943987
0.0467389772197391
0.0446269222667509
0.0425051485136812
0.0403777192635982
0.0382402168065357
0.0360942022397051
0.0339345169517021
0.0317714400309314
0.0295968184738372
0.0274182557038303
0.0252259547851322
0.0230193474566095
0.0208180073756870