0.130553419166428
0.128839534423471
0.127118117495204
0.125387017686350
0.123650614027471
0.121901837574421
0.120145890088366
0.118385528717723
0.116609705200133
0.114825782704901
0.113027841328191
0.111225146378318
0.109410254300332
0.107587921274907
0.105757201576790
0.103913435040127
0.102062956792898
0.100206843972638
0.0983434133628826
0.0964706834065958
0.0945882373446586
0.0927001184370672
0.0907983366176948
0.0888902187742927
0.0869759000671725
0.0850548839505612
0.0831279053406937
0.0811928083262518
0.0792539252322542
0.0773006103603682
0.0753388386827309
0.0733680069868457
0.0713865624731828
0.0693907577534123
0.0673786694875085
0.0653584904220919
0.0633181074962722
0.0612707917322413
0.0592158286403262
0.0571559842998529
0.0550872506439190
0.0530136371635224
0.0509336244487675
0.0488398162943987
0.0467389772197391
0.0446269222667509
0.0425051485136812
0.0403777192635982
0.0382402168065357
0.0360942022397051
0.0339345169517021
0.0317714400309314
0.0295968184738372
0.0274182557038303
0.0252259547851322
0.0230193474566095
0.0208180073756870
0.0212185607556497
0.0232061334843852
0.0251904792039347
0.0271631695187576
0.0291204011465926
0.0310753468213710
0.0330178986118621
0.0349560164797024
0.0368805510189178
0.0387933595168112
0.0406959571418487
0.0425905674977140
0.0444758793235925
0.0463501264364106
0.0482162783851266
0.0500677898913677
0.0519058413882558
0.0537374289442563
0.0555580836123335
0.0573711536494001
0.0591752013409879
0.0609718489809434
0.0627548137027519
0.0645276264631588
0.0662887882000029
0.0680399472392161
0.0697812780630174
0.0715076614227500
0.0732240049220593
0.0749237644135713
0.0766137926757006
0.0782932488681333
0.0799630927608249
0.0816274705133723
0.0832793059062905
0.0849240917744954
0.0865601025434519
0.0881865842974317
0.0898051126838747
0.0914136911727314
0.0930150093431723
0.0946045328222509
0.0961860614160381
0.0977591272072987
0.0993209881253066
0.100871211172864
0.102414072369267
0.103949119511490
0.105472138304436
0.106986288001069
0.108491762744546
0.109983934031135
0.111466796793781
0.112940409815817
0.114405057610871
0.115858665733951
0.117304057437613
0.118740879932119
0.120164819648109
0.121578327433243
0.122982831904438
0.124378106649942
0.125761792681360
0.127137051753691