
0.0212185607556497
0.0232061334843852
0.0251904792039347
0.0271631695187576
0.0291204011465926
0.0310753468213710
0.0330178986118621
0.0349560164797024
0.0368805510189178
0.0387933595168112
0.0406959571418487
0.0425905674977140
0.0444758793235925
0.0463501264364106
0.0482162783851266
0.0500677898913677
0.0519058413882558
0.0537374289442563
0.0555580836123335
0.0573711536494001
0.0591752013409879
0.0609718489809434
0.0627548137027519
0.0645276264631588
0.0662887882000029
0.0680399472392161
0.0697812780630174
0.0715076614227500
0.0732240049220593
0.0749237644135713
0.0766137926757006
0.0782932488681333
0.0799630927608249
0.0816274705133723
0.0832793059062905
0.0849240917744954
0.0865601025434519
0.0881865842974317
0.0898051126838747
0.0914136911727314
0.0930150093431723
0.0946045328222509
0.0961860614160381
0.0977591272072987
0.0993209881253066
0.100871211172864
0.102414072369267
0.103949119511490
0.105472138304436
0.106986288001069
0.108491762744546
0.109983934031135
0.111466796793781
0.112940409815817
0.114405057610871
0.115858665733951
0.117304057437613
0.118740879932119
0.120164819648109
0.121578327433243
0.122982831904438
0.124378106649942
0.125761792681360
0.127137051753691